  2019823774
  -466348932
 -1469695816
   245798821
   112895748
  -748977413
 -1529891194
    63062743
  -400259484
   456820218
   455330251
  1308424858
  -269849612
    40603187
  -102622426
  1143632330
 -1404330045
   991325253
  1198117673
   -20588582
  -276348507
   177682710
   140257223
   -97148736
 -1305871226
  -195854991
 -1462100056
 -1216487697
  1882341065
  -315891270
  1339313393
  1853625708
 -1231255000
  1099330644
 -1589710522
 -1075536488
   552374163
  -893799742
 -2076012830
  -802109475
 -1841622880
 -1229405032
 -1915251555
 -1873531779
  1050316606
 -1457847996
  1252380939
   540988834
  -132967386
 -2108566014
   407822026
 -1114879493
  -711785808
  1769304354
   150228412
   853579997
   815267624
    96746022
  -446001108
  1146575227
   200718668
 -1771622097
  1842903606
 -1115300600
   400050406
 -1158062876
 -1008137923
 -1885878783
   375803781
 -1620625345
 -1128724568
  1228494354
 -1779766014
 -2132575596
 -1853821897
  -954753035
  1549360161
 -1932252813
  1574116673
  1932735823
  -711836876
   249410808
 -1731382778
 -1705605902
  1420778201
   259849079
   969720082
  1373545659
  -898415305
   864974584
 -1960249926
   191488177
   965248279
  1886108734
    38188299
  1614240145
 -1292040210
  -685227504
   545668561
  1512114498
  1076598356
  1668738373
 -1402101609
  -379821213
 -1177139591
 -1382093462
   741103509
 -1460608849
  -440170771
 -1795968697
  1032178586
 -1077214895
  -720799041
   728365652
 -1778990621
  -935603504
  1431213840
  1223888246
  -566758238
   969518197
  1923936668
  1083831500
  -363484293
  1658628733
 -1415909145
 -1088381393
 -1724967227
  1696022497
  -493009771
   810424896
  2027475818
  1682563624
   996027599
  2069129875
  1017227947
   664741326
  -148083440
 -1270074058
   136258605
   815736715
  1493044592
  1369746127
 -1289764865
  -295714434
  -778641119
  2052883616
   921396474
 -1216525990
  1670664066
   198229094
